1663827144.64757 1.44449019025539e-25 2.79233895942085e-24 8.73282422697541e-24 1.18525807769926e-31 8.34672075578179e-33 -1.55875307311647e-31 1
1663827145.25329 0.762116253376007 0.0226707719266415 0.0333929434418678 0.00372433425555861 0.000211224027072699 0.0080726768929807 0.999960457521469
1663827145.65587 1.26556432247162 0.0606965087354183 0.060973659157753 0.00292210625667234 -0.000399281571206916 0.0130376882215252 0.999910656286395
1663827146.25879 1.99393308162689 0.12215443700552 0.0881167203187943 0.00322507395887453 0.000591294437435012 0.0201633199669514 0.99979132312536
1663827146.86296 2.7047758102417 0.176084846258163 0.129726305603981 0.00563579886165056 0.00354843985027752 0.0287292224008358 0.999565044469875
1663827147.28495 3.2033269405365 0.231159776449203 0.154038295149803 0.00426932448882687 0.0058834546957274 0.0331773115357369 0.999423045475995
1663827147.86805 3.92514204978943 0.325376808643341 0.164994612336159 0.000252898974869931 0.00677631567628043 0.038877521488897 0.999220974515069
1663827148.47308 4.59944105148315 0.412868320941925 0.221949383616447 0.000450145871086893 -0.00992923945471439 0.0452579326862361 0.998925886691057
1663827148.87527 5.19979000091553 0.496959686279297 0.21400947868824 -8.5019481743253e-05 0.00400244559086417 0.0518741114005881 0.998645607694431
1663827149.27843 5.76515293121338 0.595152020454407 0.233476996421814 -0.00165819318482905 0.00269114269137605 0.0602467853714676 0.998178507582076
1663827149.68073 6.35330820083618 0.702538132667542 0.209865942597389 -0.003870884886921 0.00718877585722153 0.0648831220464595 0.997859468174437
1663827150.0842 6.85547018051147 0.779155313968658 0.240368023514748 0.00548428018441455 -0.000845061858364313 0.072065002303135 0.997384501576179
1663827150.48551 7.397301197052 0.929096639156342 0.283926248550415 -0.00506527452799137 0.00137898432462987 0.0860386196030863 0.996277971919978
1663827150.88819 7.91787672042847 1.0647805929184 0.313645511865616 -0.00462718008234368 -0.000927013486927418 0.102427354915032 0.994729293232883
1663827151.29163 8.43119430541992 1.24493801593781 0.320557087659836 -0.00615015546240801 -0.00209328375896009 0.123917018115141 0.992271316915059
1663827151.69361 8.93756675720215 1.46112072467804 0.35113525390625 -0.00898015314551633 -0.0045625049340462 0.150833824100456 0.988507813780671
1663827152.09696 9.4210262298584 1.66295397281647 0.386025130748749 -0.00542986111817892 -0.0081411488156689 0.17963866294297 0.983683988423244
1663827152.49857 9.89466667175293 1.93640947341919 0.412576675415039 -0.00658614811748655 -0.00965351680149432 0.21036213119305 0.977553684472753
1663827152.90148 10.3354425430298 2.24410676956177 0.443980544805527 -0.00959303084129829 -0.0134675860328917 0.241048730606334 0.970372148898967
1663827153.30534 10.788106918335 2.5675904750824 0.465544790029526 -0.0110148298375649 -0.0127660524330866 0.273322158925291 0.961774765144804
1663827153.70545 11.1893348693848 2.92299365997314 0.505494713783264 -0.0147920897331979 -0.012955710639853 0.302447477811894 0.952963203281409
1663827154.11043 11.5916337966919 3.30037641525269 0.532266139984131 -0.0147293000442088 -0.0129939343102301 0.332036671503111 0.943061956696634
