1 3.11750614623294e-31 1.66934415115636e-32 1.44449019025539e-25 -3.11750614623294e-31 1 -2.37051615539852e-31 2.79233895942085e-24 -1.66934415115636e-32 2.37051615539852e-31 1 8.73282422697541e-24
0.999869574544384 -0.0161431420208967 0.000482562043675455 0.762116253376007 0.0161462886964152 0.999841922444269 -0.00744496368565735 0.0226707719266415 -0.000362300655329117 0.00745178425894772 0.999972169437526 0.0333929434418678
0.99965971852013 -0.0260753802584402 -0.000722296775167816 1.26556432247162 0.0260707132857306 0.999642959961726 -0.00585410178697163 0.0606965087354183 0.000874686816466465 0.00583327895241965 0.999982603738503 0.060973659157753
0.999186181797597 -0.0403144107601323 0.00131239849221937 1.99393308162689 0.040322038633301 0.99916607885174 -0.00642495700316726 0.12215443700552 -0.00105228569961989 0.00647264683891398 0.999978498537696 0.0881167203187943
0.998324080709745 -0.0573934563468151 0.00741761711128812 2.7047758102417 0.0574734495198904 0.998285739102869 -0.0110628072442688 0.176084846258163 -0.00676996863567718 0.0114705829148072 0.99991129269164 0.129726305603981
0.997729301920208 -0.0662661027170813 0.0120434098370738 3.2033269405365 0.0663665762259267 0.99776207773534 -0.00814332814680411 0.231159776449203 -0.0114768310026219 0.00892411698419028 0.999894315658505 0.154038295149803
0.996885239737472 -0.0776910423711565 0.0135617376780094 3.92514204978943 0.0776978972643082 0.996976948729978 2.14887963934941e-05 0.325376808643341 -0.0135224093366893 0.00103229663688707 0.999908035175928 0.164994612336159
0.995706259465638 -0.0904275802890923 -0.0197964033098715 4.59944105148315 0.090409701864518 0.995903033795326 -0.00179807842856555 0.412868320941925 0.0198778939960021 5.71025097617958e-07 0.999802415145091 0.221949383616447
0.994586113991383 -0.103608387578197 0.00798522879857055 5.19979000091553 0.103607026434798 0.994618138676174 0.000585055280933274 0.496959686279297 -0.00800287003883923 0.000245437952887848 0.99996794640196 0.21400947868824
0.992726165206838 -0.120283017486359 0.00517267997291466 5.76515293121338 0.120265167748478 0.992735150495532 0.00363461098929351 0.595152020454407 -0.00557228320855796 -0.00298608020476821 0.999980016292753 0.233476996421814
0.991477003950358 -0.129544129165197 0.0138444659143328 6.35330820083618 0.129432821469912 0.991550393447393 0.00865805871187241 0.702538132667542 -0.0148490863005164 -0.00679233782663743 0.999866675503734 0.209865942597389
0.989611842627009 -0.143762301918406 -0.000895253872569716 6.85547018051147 0.143743763694388 0.989553116227816 -0.0110616708860115 0.779155313968658 0.0024761525290532 0.0108180733469342 0.999938417082629 0.240368023514748
0.985190908678056 -0.171450732758263 0.00187608495590527 7.397301197052 0.171422793021566 0.985143397861503 0.0103301346834212 0.929096639156342 -0.00361932186910147 -0.00985555105243943 0.999944882792377 0.283926248550415
0.979015555222211 -0.203766401808001 -0.00279215457443728 7.91787672042847 0.203783559641372 0.978974452339191 0.00901568006706894 1.0647805929184 0.000896355308237357 -0.00939548622481508 0.999955459700961 0.313645511865616
0.969280381569112 -0.245892857465507 -0.00567842871605275 8.43119430541992 0.245944353547685 0.96921349641848 0.0116864587568735 1.24493801593781 0.00262999301266816 -0.0127240326827903 0.999915587501785 0.320557087659836
0.954456682111919 -0.298118883425371 -0.011729165235327 8.93756675720215 0.29828277139751 0.954337028713432 0.0163775429732212 1.46112072467804 0.00631112187554312 -0.0191302632399387 0.99979708079642 0.35113525390625
0.935327344944046 -0.353326942262697 -0.0179674614571601 9.4210262298584 0.353503763492343 0.935400934768598 0.00775760470649605 1.66295397281647 0.0140658094922173 -0.0136074650587621 0.999808476608397 0.386025130748749
0.911309166746562 -0.411153393859596 -0.0216446141435359 9.89466667175293 0.411407711825633 0.911408792825785 0.00881515798172401 1.93640947341919 0.0161027095261457 -0.0169380954532051 0.999726864532676 0.412576675415039
0.883428267199043 -0.46755555947933 -0.0307619166123624 10.3354425430298 0.468072339352016 0.883606966464706 0.0121249308687291 2.24410676956177 0.021512364984513 -0.0251103089389697 0.999453195771449 0.443980544805527
0.850264050691388 -0.525467478627989 -0.0305773283041121 10.788106918335 0.52602994220898 0.850347341928135 0.0142090807363385 2.5675904750824 0.0185349400185203 -0.0281660607841972 0.99943140285785 0.465544790029526
0.81671534545408 -0.576059350491328 -0.0336402914870285 11.1893348693848 0.576825918628696 0.816613434493097 0.0203557904181801 2.92299365997314 0.0157449705615368 -0.0360294784433171 0.999226687286283 0.505494713783264
0.779165612896554 -0.625879523131102 -0.0342895057520857 11.5916337966919 0.626645089359942 0.779069392994686 0.019152359644729 3.30037641525269 0.0147268347110869 -0.0364102104371245 0.999228410782698 0.532266139984131
