0	0	0     3.1159  0.1739   0
3.1159  0.1739  0     3.0533  2.0500   0
3.0533  2.0500  0     2.9798  3.1281   0
2.9798  3.1281  0     2.7935  5.0295   0
2.7935  5.0295  0     -0.4670  4.7192  0
-0.4670  4.7192 0     -0.2585 2.9175   0
-0.2585 2.9175  0     -0.1585 1.8764   0 
-0.1585 1.8764  0     0	      0	       0
0.6415  0.6555  0     0.5155  1.9395   0
0.5155  1.9395  0     0.4065  2.9735   0
0.4065  2.9735  0     0.2855  4.0685   0
0.2855  4.0685  0     2.3525  4.2585   0
2.3525  4.2585  0     2.4477  3.0912   0
2.4477  3.0912  0     2.5167  2.0352   0
2.5167  2.0352  0     2.5665  0.7355   0
2.5665  0.7355  0     0.6415  0.6555   0 
0.5155  1.9395  0     2.5167  2.0352   0
2.4477  3.0912  0     0.4065  2.9735   0
3.0533  2.0500  0     2.4477  3.0912   0
2.5167  2.0352  0     2.9798  3.1281   0
-0.2585 2.9175  0     0.5155  1.9395   0
0.4065  2.9735  0     -0.1585 1.8764   0
